00000000000000000000000000000000
00000000000000000000000000000000
00000000000000000000000000000000
00000000000000000000000000000000
00000110000000000000000000000010
00000100000000010000000000000010
00000100001000100000000000000010
00000100010000110000000000000010
00001111111000110000000000000000 
00000100011001000000000000000010
00000100100001010000000000000010
00000100101001100000000000000010
00000100110001110000000000000010
00001010101010000000000000000000
10000001000001110100100000000000
00001010101010100000000000000001
00001111111000110000000000100001
00001111111001000000000001000001
00001010111010110000000000000001